5.238152742385864258e-01
-5.119317770004272461e-01
-6.148799061775207520e-01
1.295905470848083496e+00
-5.988927483558654785e-01
-3.182668685913085938e-01
-2.746473848819732666e-01
2.315655350685119629e-01
-9.008262157440185547e-01
5.362687110900878906e-01
2.724357545375823975e-01
2.484064102172851562e-01
5.590843558311462402e-01
-8.987836241722106934e-01
1.006116747856140137e+00
-9.860522150993347168e-01
-5.603520870208740234e-01
-1.535805344581604004e+00
4.497420787811279297e-02
-4.645016789436340332e-02
1.971768617630004883e+00
7.648227810859680176e-01
9.642106294631958008e-01
-1.118843793869018555e+00
-1.029512405395507812e+00
-1.053694009780883789e+00
1.400645732879638672e+00
4.856820702552795410e-01
-9.073770046234130859e-02
4.159045219421386719e-01
1.877666413784027100e-01
-4.354084730148315430e-01
5.050684213638305664e-01
9.531008601188659668e-01
-5.090659856796264648e-01
-7.239843606948852539e-01
-5.085578560829162598e-01
1.168499588966369629e-01
5.166525840759277344e-01
9.254046678543090820e-01
-1.431030035018920898e+00
-5.162545442581176758e-01
2.388380765914916992e-01
-7.780331373214721680e-01
3.533710837364196777e-01
1.005035042762756348e+00
4.127503633499145508e-01
1.760510206222534180e-01
2.759659767150878906e+00
6.979219913482666016e-01
5.768942236900329590e-01
-2.081277221441268921e-01
-2.377633452415466309e-01
-1.732342600822448730e+00
-2.257308483123779297e+00
-1.008126139640808105e+00
2.509262561798095703e-01
2.531765103340148926e-01
-3.311790943145751953e+00
7.175357937812805176e-01
-8.360818028450012207e-01
-2.181711494922637939e-01
3.269132375717163086e-01
8.201794624328613281e-01
2.882143259048461914e-01
-8.948851823806762695e-01
-2.023066133260726929e-01
1.072669029235839844e+00
-1.415644168853759766e+00
-1.486467123031616211e-01
-2.068501114845275879e-01
-2.619822740554809570e+00
7.739849090576171875e-01
-5.887913703918457031e-01
1.193927645683288574e+00
-1.912789344787597656e-01
2.007564902305603027e-02
-1.659636497497558594e-01
-1.609426379203796387e+00
5.863974094390869141e-01
-2.417236268520355225e-01
2.618027850985527039e-02
-3.391473293304443359e-01
-3.151352405548095703e-01
2.199312150478363037e-01
-8.086239695549011230e-01
-4.387366771697998047e-01
7.083016633987426758e-01
-1.887736439704895020e+00
-2.312626838684082031e-01
-1.592229127883911133e+00
-9.746712446212768555e-02
-1.534092664718627930e+00
-3.283626437187194824e-01
-3.637507557868957520e-01
5.509105920791625977e-01
6.293450593948364258e-01
1.665682047605514526e-01
4.608179628849029541e-01
-1.509027719497680664e+00
-1.766567230224609375e+00
-2.951978743076324463e-01
1.039678454399108887e-01
-1.772989869117736816e+00
6.851780414581298828e-01
6.369745135307312012e-01
3.234729468822479248e-01
1.073812484741210938e+00
1.012933015823364258e+00
5.414969921112060547e-01
-3.096540570259094238e-01
2.785922288894653320e-01
2.041839957237243652e-01
-1.696846365928649902e+00
-3.420479595661163330e-01
-7.440711855888366699e-01
-5.034191608428955078e-01
-3.268503844738006592e-01
-5.687890648841857910e-01
-7.572726011276245117e-01
-1.344792962074279785e+00
-1.206931710243225098e+00
1.829513311386108398e-01
-9.738482236862182617e-01
-1.009415864944458008e+00
-7.017565369606018066e-01
1.028236389160156250e+00
-2.703587338328361511e-02
1.673109054565429688e+00
4.761617630720138550e-03
-8.167786598205566406e-01
-1.359709739685058594e+00
4.745652079582214355e-01
1.493958532810211182e-01
4.221512079238891602e-01
1.336167335510253906e+00
-9.490649104118347168e-01
1.305156588554382324e+00
-9.853749275207519531e-01
1.114310383796691895e+00
-8.874136209487915039e-01
1.254876613616943359e+00
-1.884140670299530029e-01
1.268291354179382324e+00
-3.020571470260620117e-01
-4.934946596622467041e-01
4.641860723495483398e-01
-1.476654767990112305e+00
-5.654554367065429688e-01
-2.941561937332153320e-01
-4.887201786041259766e-01
5.591437816619873047e-01
4.771566390991210938e-01
-4.759338498115539551e-01
-7.147910594940185547e-01
4.751801490783691406e-01
-1.724604845046997070e+00
9.057018160820007324e-01
1.350406408309936523e+00
-1.606741070747375488e+00
1.662542462348937988e+00
2.382879734039306641e+00
1.095054745674133301e-01
2.145521193742752075e-01
2.943921685218811035e-01
2.491846233606338501e-01
-1.290649026632308960e-01
3.504612445831298828e-01
-8.116536140441894531e-01
1.048240184783935547e+00
3.340193629264831543e-01
-1.116455912590026855e+00
-7.157342433929443359e-01
1.288561820983886719e-01
-1.320779204368591309e+00
1.360022544860839844e+00
-1.214922189712524414e+00
-1.006816864013671875e+00
3.453160524368286133e-01
6.678730249404907227e-01
8.165933191776275635e-03
3.080883026123046875e-01
-3.670746982097625732e-01
-4.640962779521942139e-01
-2.365469336509704590e-01
1.134368658065795898e+00
1.385707855224609375e-01
-7.484570145606994629e-02
-1.709266901016235352e-01
2.690507173538208008e-01
9.261661767959594727e-01
-9.401131868362426758e-01
-1.508034169673919678e-01
-1.281790494918823242e+00
1.867094784975051880e-01
1.162929296493530273e+00
-5.520716905593872070e-01
-4.378409683704376221e-01
7.771151065826416016e-01
1.190985143184661865e-01
1.187460944056510925e-01
-2.164793491363525391e+00
-3.294527530670166016e-01
4.310446381568908691e-01
-1.127583503723144531e+00
2.332055568695068359e-02
7.938247323036193848e-01
8.822898864746093750e-01
5.291819572448730469e-01
1.799680888652801514e-01
-6.997725963592529297e-01
-7.747077941894531250e-02
2.074820756912231445e+00
-1.652588367462158203e+00
1.998588085174560547e+00
4.518581926822662354e-01
1.835836648941040039e+00
-1.295466423034667969e-01
-9.321520328521728516e-01
6.952001452445983887e-01
1.060998141765594482e-01
-1.091333627700805664e+00
1.359443783760070801e+00
2.740986645221710205e-01
-7.344936728477478027e-01
-1.677626222372055054e-01
4.469913244247436523e-02
5.076957941055297852e-01
1.816472053527832031e+00
-7.568550705909729004e-01
1.576766729354858398e+00
1.989898681640625000e-01
-1.394500732421875000e+00
-9.614787101745605469e-01
-1.004606127738952637e+00
-4.882053136825561523e-01
1.546251535415649414e+00
-7.291561365127563477e-02
1.472451448440551758e+00
-2.487903237342834473e-01
-2.567481994628906250e-01
-1.285112380981445312e+00
1.325713634490966797e+00
4.005982279777526855e-01
-1.249475479125976562e-01
-7.111837863922119141e-01
1.103987693786621094e+00
1.275269746780395508e+00
-4.574277997016906738e-01
2.102779626846313477e+00
4.833495020866394043e-01
1.947304129600524902e+00
-3.049016892910003662e-01
7.114138007164001465e-01
4.516520202159881592e-01
7.473621964454650879e-01
-4.727843701839447021e-01
-2.352627038955688477e+00
-1.946625113487243652e+00
3.137565255165100098e-01
-1.215346336364746094e+00
-4.585393071174621582e-01
4.218356013298034668e-01
4.084751605987548828e-01
1.295142173767089844e+00
1.947256326675415039e+00
2.703902423381805420e-01
-7.731480598449707031e-01
3.469419181346893311e-01
-1.839436054229736328e+00
4.580058157444000244e-01
6.297181844711303711e-01
-1.902911067008972168e-01
-2.648215591907501221e-01
-1.065922856330871582e+00
-1.499859094619750977e+00
6.041958332061767578e-01
-7.453125715255737305e-02
-7.810446023941040039e-01
1.026911020278930664e+00
1.019018769264221191e+00
1.097225069999694824e+00
2.409019470214843750e-01
-6.602627038955688477e-02
7.201652526855468750e-01
-1.213084459304809570e-01
1.462386012077331543e+00
2.889931201934814453e-01
1.108020305633544922e+00
-1.163503646850585938e+00
-2.204726338386535645e-01
-3.677224814891815186e-01
-9.087358713150024414e-01
7.149056196212768555e-01
9.482227563858032227e-01
-1.312461972236633301e+00
1.685795068740844727e+00
1.175052046775817871e+00
1.468568801879882812e+00
-6.320147216320037842e-02
3.323019146919250488e-01
-1.047588706016540527e+00
-1.826372504234313965e+00
8.667625188827514648e-01
-6.004525423049926758e-01
-4.775938391685485840e-01
1.132151842117309570e+00
-1.510981917381286621e-01
-6.733418703079223633e-01
-6.956723332405090332e-01
-1.002732276916503906e+00
-1.028425574302673340e+00
-1.908777803182601929e-01
-5.847787857055664062e-02
1.130736470222473145e+00
4.287601709365844727e-01
-7.704808712005615234e-01
-6.989768743515014648e-01
-1.434584379196166992e+00
-8.542039394378662109e-01
-2.454745173454284668e-01
-8.629772663116455078e-01
-6.887035369873046875e-01
-4.081163704395294189e-01
2.396501302719116211e+00
-5.096608400344848633e-01
-8.589885234832763672e-01
-1.737687468528747559e+00
3.159950971603393555e-01
5.601470470428466797e-01
-4.626101851463317871e-01
-1.719573736190795898e+00
3.978601694107055664e-01
-4.383512735366821289e-01
7.480789422988891602e-01
1.283545970916748047e+00
-4.797740578651428223e-01
1.440826177597045898e+00
1.385412931442260742e+00
-7.242254018783569336e-01
-1.283815622329711914e+00
9.364359974861145020e-01
7.253040075302124023e-01
1.344704508781433105e+00
-7.279432415962219238e-01
-6.075711250305175781e-01
-1.804661750793457031e-01
8.540838956832885742e-01
-2.056768536567687988e-01
4.453873038291931152e-01
1.443627476692199707e+00
-1.035617232322692871e+00
-1.709739685058593750e+00
3.542217612266540527e-01
9.745538234710693359e-03
-2.973923087120056152e-01
-1.321888208389282227e+00
-9.960793256759643555e-01
1.607374548912048340e-01
-3.807478547096252441e-01
-6.186736822128295898e-01
-2.487393170595169067e-01
1.740699529647827148e+00
-8.349009752273559570e-01
1.948566317558288574e+00
1.908734440803527832e-01
-2.762985229492187500e-01
-3.851244449615478516e-01
1.150313317775726318e-01
-1.736055731773376465e+00
5.254597663879394531e-01
6.657014489173889160e-01
-7.547680735588073730e-01
8.677698969841003418e-01
1.568426191806793213e-01
-1.071523427963256836e+00
2.706776559352874756e-01
-1.026026964187622070e+00
-6.762972474098205566e-02
-1.050809144973754883e+00
-6.206678152084350586e-01
4.170209169387817383e-01
2.009987533092498779e-01
-7.598850131034851074e-01
3.017052412033081055e-01
-8.667134046554565430e-01
-8.344286680221557617e-01
-1.937397718429565430e-01
1.110353469848632812e+00
1.235717535018920898e+00
7.077441215515136719e-01
7.507724761962890625e-01
7.198448181152343750e-01
-7.709167599678039551e-01
2.109389543533325195e+00
3.291345834732055664e-01
-1.854046702384948730e+00
1.512252092361450195e-01
3.179007172584533691e-01
-4.745843708515167236e-01
5.593992471694946289e-01
6.156092882156372070e-02
3.186514973640441895e-01
-1.734782457351684570e+00
1.061695098876953125e+00
-5.167075395584106445e-01
2.095815837383270264e-01
1.546371936798095703e+00
2.183669090270996094e+00
9.955631494522094727e-01
-1.250488996505737305e+00
9.537297487258911133e-02
-1.982838392257690430e+00
6.039575338363647461e-01
-1.041230201721191406e+00
2.001480102539062500e+00
-1.463934779167175293e-01
2.074585437774658203e+00
4.558721780776977539e-01
1.300727605819702148e+00
4.496108293533325195e-01
1.910644918680191040e-01
-2.659209966659545898e-01
2.987903058528900146e-01
3.185498118400573730e-01
4.683449566364288330e-01
-8.158513903617858887e-02
5.389083623886108398e-01
-1.411422491073608398e-01
1.147887110710144043e+00
2.076575160026550293e-01
9.543325901031494141e-01
3.227325975894927979e-01
5.544821023941040039e-01
9.713616967201232910e-02
7.806925773620605469e-01
7.707443237304687500e-01
1.762959599494934082e+00
1.414059162139892578e+00
2.243378162384033203e-01
2.985099554061889648e-01
-1.077373102307319641e-01
-3.082896471023559570e-01
-4.482256174087524414e-01
1.373976469039916992e+00
-9.289540052413940430e-01
-9.367686510086059570e-01
-1.006574392318725586e+00
2.567921280860900879e-01
-3.152972459793090820e-01
8.233007192611694336e-01
-5.690796375274658203e-01
-4.815873801708221436e-01
1.034082293510437012e+00
-2.872253656387329102e-01
-5.438700914382934570e-01
-6.766216754913330078e-01
3.980469703674316406e-01
-7.428085803985595703e-02
2.113295197486877441e-01
7.776087522506713867e-01
1.455575466156005859e+00
2.942543625831604004e-01
-8.815672397613525391e-01
-1.733924508094787598e+00
-3.068127632141113281e-01
-1.099712610244750977e+00
-2.010006427764892578e+00
-2.142061293125152588e-01
1.459059715270996094e-01
-4.146032929420471191e-01
5.698628425598144531e-01
-4.635976850986480713e-01
1.528005599975585938e+00
-4.529812335968017578e-01
-1.389429718255996704e-01
7.310395836830139160e-01
1.206846714019775391e+00
1.630022644996643066e+00
3.014451563358306885e-01
4.323855042457580566e-01
1.715532243251800537e-01
-1.822803020477294922e-01
-8.065388798713684082e-01
-1.433807492256164551e+00
-8.198096752166748047e-01
-1.325594663619995117e+00
-4.708942174911499023e-01
6.063904762268066406e-01
-1.340751051902770996e+00
-8.950304985046386719e-02
1.516423225402832031e+00
1.111494660377502441e+00
3.952001929283142090e-01
2.804614067077636719e+00
6.317685246467590332e-01
2.798958718776702881e-01
6.360063552856445312e-01
-1.762872934341430664e-01
-8.153548240661621094e-01
-2.159481048583984375e+00
2.288207769393920898e+00
-9.183909893035888672e-01
9.295952320098876953e-01
-1.833114922046661377e-01
7.711284160614013672e-01
-2.181401699781417847e-01
-6.180778741836547852e-01
9.134000539779663086e-01
-9.661960601806640625e-01
1.099730134010314941e-01
-8.076298236846923828e-02
2.668385744094848633e+00
-1.100163221359252930e+00
5.629903674125671387e-01
9.512764215469360352e-02
-6.065022349357604980e-01
-1.549640297889709473e+00
2.289088964462280273e-01
-6.814881563186645508e-01
-7.021129131317138672e-03
-2.066956996917724609e+00
-1.072433471679687500e+00
-7.100714743137359619e-02
2.984619140625000000e-02
-8.784281611442565918e-01
4.571487903594970703e-01
-7.676143646240234375e-01
3.886607587337493896e-01
9.110653400421142578e-02
-5.637022256851196289e-01
8.462268114089965820e-01
1.176910400390625000e+00
-3.541331291198730469e-01
8.085409998893737793e-01
3.839129805564880371e-01
-1.332995414733886719e+00
-9.136942028999328613e-01
9.964587688446044922e-01
8.808928728103637695e-01
-2.466333061456680298e-01
-4.849773645401000977e-02
8.552638888359069824e-01
6.487467288970947266e-01
-5.092281103134155273e-02
-6.121296286582946777e-01
1.385344982147216797e+00
-5.423735976219177246e-01
2.086821198463439941e-01
3.038106560707092285e-01
-4.560585021972656250e-01
1.115715384483337402e+00
-2.011289000511169434e-01
-1.134570598602294922e+00
8.381603956222534180e-01
6.452080607414245605e-02
1.437527894973754883e+00
6.790515780448913574e-01
2.003163099288940430e-02
1.108092546463012695e+00
5.326811075210571289e-01
-1.098042845726013184e+00
1.050803661346435547e+00
-4.541262984275817871e-01
-5.750316381454467773e-02
-1.009533256292343140e-01
-3.478735685348510742e-01
-1.075921773910522461e+00
8.929480910301208496e-01
-2.638167440891265869e-01
-1.818242669105529785e+00
5.850839614868164062e-02
-8.155176639556884766e-01
1.299212694168090820e+00
1.066597700119018555e+00
2.187059640884399414e+00
4.126204550266265869e-01
-3.246259391307830811e-01
-2.370527744293212891e+00
2.327192425727844238e-01
-2.190006375312805176e-01
-1.580578327178955078e+00
4.897046387195587158e-01
-5.682613849639892578e-01
-6.206274032592773438e-03
1.627072453498840332e+00
-1.894202232360839844e-01
1.430446028709411621e+00
2.616435885429382324e-01
-1.532241225242614746e+00
1.613601565361022949e+00
7.739379405975341797e-01
-1.573453664779663086e+00
-9.429982900619506836e-01
-1.644537895917892456e-01
6.447386741638183594e-02
1.326555252075195312e+00
-5.338993668556213379e-01
-6.308534145355224609e-01
1.013357043266296387e+00
-3.911439180374145508e-01
-4.049280881881713867e-01
-1.158022642135620117e+00
-1.707310080528259277e+00
-1.358544945716857910e+00
5.011873841285705566e-01
-1.190302371978759766e+00
-1.573175787925720215e-01
6.380586624145507812e-01
-1.820736050605773926e+00
-1.588549315929412842e-01
-1.294218152761459351e-01
-8.646532893180847168e-01
8.483788967132568359e-01
6.502780914306640625e-01
-1.489536643028259277e+00
-2.480775117874145508e-01
2.809363603591918945e-01
-6.348258256912231445e-02
1.789782643318176270e+00
5.153744220733642578e-01
8.831558823585510254e-01
-5.903816223144531250e-02
1.904169559478759766e+00
-7.091206312179565430e-01
-3.438265919685363770e-01
-1.060971319675445557e-01
-3.863086998462677002e-01
-8.458826541900634766e-01
3.566092550754547119e-01
2.111891746520996094e+00
5.624766275286674500e-02
-1.132666707038879395e+00
-2.313458681106567383e+00
-1.058174371719360352e-01
-1.316164493560791016e+00
9.795653820037841797e-02
-1.775083899497985840e+00
6.988273859024047852e-01
-8.809758424758911133e-01
1.621183156967163086e+00
1.121348142623901367e+00
6.961994171142578125e-01
-4.351326823234558105e-02
1.361273169517517090e+00
-3.684318959712982178e-01
-5.990638732910156250e-01
1.168275356292724609e+00
7.578697204589843750e-01
4.670227169990539551e-01
1.090959310531616211e+00
4.678641557693481445e-01
-8.362849950790405273e-01
-8.044949769973754883e-01
1.260001778602600098e+00
1.427867293357849121e+00
-1.294298529624938965e+00
-2.721431493759155273e+00
1.091825485229492188e+00
-5.588424205780029297e-01
-1.155542969703674316e+00
1.528079152107238770e+00
1.684789657592773438e+00
-8.078253269195556641e-02
-4.795347154140472412e-01
-1.492570161819458008e+00
-1.749884486198425293e-01
6.669944524765014648e-01
-3.564405441284179688e-01
9.578549861907958984e-02
6.154521107673645020e-01
-1.557811021804809570e+00
1.957058429718017578e+00
1.612387776374816895e+00
-4.104442298412322998e-01
4.799345135688781738e-01
9.363268613815307617e-01
-3.216314613819122314e-01
-6.842728257179260254e-01
-1.079331278800964355e+00
-8.954700231552124023e-01
1.503254175186157227e-01
9.140627980232238770e-01
4.141283035278320312e-01
-1.734066963195800781e+00
-2.295657157897949219e+00
2.129157781600952148e-01
5.176007151603698730e-01
5.612238645553588867e-01
1.480199098587036133e-01
3.913919329643249512e-01
6.958170533180236816e-01
9.544067382812500000e-01
-6.676978468894958496e-01
-1.243592143058776855e+00
-1.173850178718566895e+00
3.267484009265899658e-01
-3.885356187820434570e-01
-2.582420706748962402e-01
-3.123353421688079834e-01
-3.666489124298095703e-01
6.570345908403396606e-02
-7.488138675689697266e-01
-2.074728906154632568e-02
3.836283981800079346e-01
5.019720792770385742e-01
7.198183238506317139e-02
6.180158853530883789e-01
1.195484757423400879e+00
-4.266030788421630859e-01
-7.038328647613525391e-01
1.105502843856811523e+00
-1.833796620368957520e+00
-1.133028984069824219e+00
-1.612441062927246094e+00
1.309188365936279297e+00
5.199668407440185547e-01
-3.308460414409637451e-01
1.015328884124755859e+00
-4.948964416980743408e-01
3.537358939647674561e-01
2.217721045017242432e-01
7.513527572154998779e-02
-9.167015552520751953e-02
5.124422907829284668e-02
-1.141807675361633301e+00
4.280461072921752930e-01
-1.072789430618286133e+00
6.777657270431518555e-01
1.841933429241180420e-01
6.934554576873779297e-01
9.379264712333679199e-01
5.964860320091247559e-01
-8.647214770317077637e-01
1.107348442077636719e+00
-3.656343519687652588e-01
-8.580197095870971680e-01
-7.987186908721923828e-01
3.282386064529418945e-02
1.521430611610412598e-01
3.581567406654357910e-01
-2.356961250305175781e+00
-4.330209493637084961e-01
-2.439177632331848145e-01
-2.220415830612182617e+00
-5.562746524810791016e-01
-6.295464038848876953e-01
2.192049920558929443e-01
1.899416208267211914e+00
1.580499112606048584e-01
1.399140596389770508e+00
1.310240030288696289e+00
3.030399382114410400e-01
-4.820195436477661133e-01
2.154062271118164062e+00
-1.583483815193176270e+00
3.039194345474243164e-01
-2.024065732955932617e+00
2.954729199409484863e-01
-2.841253876686096191e-01
-1.233626961708068848e+00
1.874508142471313477e+00
-1.689005941152572632e-01
1.038378357887268066e+00
-1.902895867824554443e-01
1.927007913589477539e+00
-1.739504814147949219e+00
1.807474374771118164e+00
7.893925905227661133e-01
-2.044547557830810547e+00
-9.209929704666137695e-01
3.814031481742858887e-01
-1.122395038604736328e+00
-2.501119077205657959e-01
3.778075575828552246e-01
-2.903429269790649414e-01
4.194854795932769775e-01
8.545780181884765625e-01
-5.144349336624145508e-01
-1.448775172233581543e+00
4.337298572063446045e-01
-1.537491917610168457e+00
1.182840585708618164e+00
1.946551442146301270e+00
-1.099981784820556641e+00
8.781164884567260742e-03
6.243554353713989258e-01
-1.898515522480010986e-01
-1.917256116867065430e-01
9.167362451553344727e-01
-8.238753080368041992e-01
4.491952061653137207e-01
-2.382142245769500732e-01
7.435305118560791016e-01
1.245794296264648438e+00
1.247576773166656494e-01
2.860925197601318359e-01
-1.281564712524414062e+00
9.408988952636718750e-01
-3.035433292388916016e-01
8.831806778907775879e-01
1.025088667869567871e+00
-1.271819591522216797e+00
-8.474721908569335938e-01
7.131266593933105469e-01
1.031476497650146484e+00
-3.242521286010742188e-01
-3.435044288635253906e-01
1.196445345878601074e+00
1.108340859413146973e+00
9.330195784568786621e-01
-8.640927076339721680e-01
-9.303829669952392578e-01
-1.503841996192932129e+00
2.499639987945556641e-03
7.532297372817993164e-01
-1.134600043296813965e+00
-4.930663108825683594e-02
6.314439773559570312e-01
-7.348522543907165527e-02
2.165107727050781250e-01
-2.312024593353271484e+00
-3.996809124946594238e-01
1.744096428155899048e-01
5.925482511520385742e-01
7.140678167343139648e-01
1.455538570880889893e-01
-1.638717651367187500e-01
5.664579868316650391e-01
-2.038543939590454102e+00
-6.766282320022583008e-01
-1.954228401184082031e+00
2.771390974521636963e-01
-1.773986339569091797e+00
1.114337563514709473e+00
2.045102864503860474e-01
6.430043578147888184e-01
-1.225490331649780273e+00
1.972886472940444946e-01
-2.135230541229248047e+00
-3.056000471115112305e-01
-6.751735806465148926e-01
-2.220655918121337891e+00
-3.204914331436157227e-01
-7.224926352500915527e-02
-2.436975240707397461e-01
-8.862346410751342773e-02
-5.059978365898132324e-01
-7.713491320610046387e-01
2.097845822572708130e-01
-1.012315511703491211e+00
-2.671101987361907959e-01
-2.080392241477966309e-01
-9.443017840385437012e-01
-1.563262939453125000e-02
2.066081523895263672e+00
-5.436494946479797363e-03
7.665956616401672363e-01
-1.943829655647277832e-01
1.176605343818664551e+00
-3.719414472579956055e-01
-1.103367805480957031e-01
2.652556180953979492e+00
-2.283810853958129883e+00
-4.742751419544219971e-01
8.859049677848815918e-01
-2.975709438323974609e-01
5.880565643310546875e-01
-1.631280899047851562e+00
8.497564196586608887e-01
6.412978172302246094e-01
-2.999789714813232422e-01
2.893117070198059082e-01
8.193901181221008301e-02
2.598927915096282959e-01
1.312930583953857422e+00
4.282119870185852051e-01
6.329540014266967773e-01
2.654950618743896484e-01
-1.960515499114990234e+00
1.446360349655151367e+00
-1.518119573593139648e-01
4.930108785629272461e-01
6.933915615081787109e-01
-8.658158779144287109e-01
6.097950339317321777e-01
-1.669709563255310059e+00
-6.233553886413574219e-01
8.818649053573608398e-01
-9.950210452079772949e-01
-1.634672582149505615e-01
6.213527917861938477e-02
-1.464555263519287109e-01
1.225359082221984863e+00
-7.992519140243530273e-01
-4.040899872779846191e-01
4.809845685958862305e-01
-6.956633329391479492e-01
-1.182989478111267090e+00
-3.125990927219390869e-01
6.428812742233276367e-01
-9.797453880310058594e-01
5.954430103302001953e-01
1.734035134315490723e+00
-1.180587530136108398e+00
-2.171053647994995117e+00
2.052012443542480469e+00
-4.351745545864105225e-01
-2.018069744110107422e+00
3.549987077713012695e-02
8.906675577163696289e-01
-2.837180197238922119e-01
1.930199503898620605e+00
1.226183414459228516e+00
-1.341976761817932129e+00
-1.018207311630249023e+00
5.145661830902099609e-01
-1.885219335556030273e+00
3.633535504341125488e-01
-4.810043573379516602e-01
1.527651071548461914e+00
-9.303606152534484863e-01
1.554317116737365723e+00
6.748185753822326660e-01
-1.296305894851684570e+00
3.634201884269714355e-01
6.309014558792114258e-02
1.782750964164733887e+00
-2.325553297996520996e-01
2.245756387710571289e+00
-1.300831437110900879e+00
-1.831912100315093994e-01
3.803724050521850586e-01
5.112853646278381348e-01
-1.730483293533325195e+00
-1.241653800010681152e+00
2.015482425689697266e+00
-5.306078791618347168e-01
9.853571653366088867e-01
3.016433119773864746e-02
3.542753458023071289e-01
2.840363681316375732e-01
1.283904552459716797e+00
2.170194149017333984e+00
9.036729931831359863e-01
7.585089206695556641e-01
3.079962134361267090e-01
-3.300430178642272949e-01
2.277907133102416992e-01
3.099058568477630615e-02
6.728357076644897461e-02
1.377416968345642090e+00
3.963959217071533203e-01
-2.159205675125122070e+00
1.116989374160766602e+00
-2.755895853042602539e-01
5.982862114906311035e-01
-3.710755705833435059e-01
-6.934614181518554688e-01
5.405749678611755371e-01
8.563766479492187500e-01
2.051030099391937256e-01
-1.106998324394226074e-01
-9.073382616043090820e-01
1.798402369022369385e-01
4.827786087989807129e-01
6.473288536071777344e-01
-9.455435872077941895e-01
8.509233593940734863e-02
3.435965776443481445e-01
-1.353300809860229492e-01
-3.677943050861358643e-01
-4.331172108650207520e-01
3.364698588848114014e-02
7.792413234710693359e-02
-8.968015909194946289e-01
-4.537595808506011963e-01
-4.213923215866088867e-02
-1.766213476657867432e-01
-1.079487055540084839e-01
5.136413574218750000e-01
6.180546879768371582e-01
-2.622231841087341309e-01
-8.986341953277587891e-01
-2.831344008445739746e-01
-7.584019899368286133e-01
-1.519883871078491211e-01
4.234466850757598877e-01
1.672251224517822266e-01
-9.239558577537536621e-01
2.191183805465698242e+00
-6.874967217445373535e-01
1.556360960006713867e+00
-9.160387516021728516e-02
1.319493353366851807e-01
5.690747499465942383e-02
-9.478799104690551758e-01
1.081041216850280762e+00
-9.746660590171813965e-01
1.363351821899414062e+00
-3.213343620300292969e-01
-1.249494671821594238e+00
-6.795573234558105469e-02
1.714546442031860352e+00
1.080905318260192871e+00
7.372195124626159668e-01
1.768835425376892090e+00
-4.087328910827636719e-03
-5.888234376907348633e-01
-3.853361904621124268e-01
-1.670190215110778809e+00
-4.730352163314819336e-01
-1.534701347351074219e+00
2.185982227325439453e+00
-2.019999742507934570e+00
-1.051120758056640625e+00
4.628586769104003906e-02
1.635735034942626953e-01
3.479699492454528809e-01
-9.837828874588012695e-01
5.581430196762084961e-01
-5.334466099739074707e-01
1.854771614074707031e+00
1.231304407119750977e-01
-5.626060068607330322e-03
-5.010327100753784180e-01
-4.975802004337310791e-01
5.657573938369750977e-01
4.971570968627929688e-01
-1.311666220426559448e-01
4.283983707427978516e-01
-1.932433843612670898e-01
-6.401023268699645996e-02
-5.289188623428344727e-01
-2.726363837718963623e-01
-3.997479751706123352e-02
3.017000555992126465e-01
1.592262089252471924e-02
-1.918989419937133789e-02
2.799103856086730957e-01
-6.997005641460418701e-02
-1.314538419246673584e-01
2.577050030231475830e-01
-1.175410032272338867e+00
-9.748274087905883789e-01
-1.644415259361267090e-01
3.321263492107391357e-01
6.252301335334777832e-01
-5.432502031326293945e-01
5.393742918968200684e-01
-6.058385372161865234e-01
5.065150856971740723e-01
-2.592068612575531006e-01
-2.153307199478149414e-03
-6.580756902694702148e-01
3.390184342861175537e-01
2.050686031579971313e-01
1.231081262230873108e-01
1.303734421730041504e+00
6.339110732078552246e-01
-3.849617838859558105e-01
-8.077859878540039062e-01
-3.993903398513793945e-01
-1.909904479980468750e-01
3.659495115280151367e-01
-3.409933149814605713e-01
8.679789304733276367e-01
7.377403974533081055e-01
4.459734559059143066e-01
-4.864134490489959717e-01
-2.633545696735382080e-01
-6.646487712860107422e-01
-6.561392545700073242e-01
5.813782215118408203e-01
-3.547173738479614258e-02
1.522900164127349854e-01
-9.108220040798187256e-02
4.757043719291687012e-01
1.119277000427246094e+00
1.641949117183685303e-01
-2.472184300422668457e-01
-9.820187091827392578e-02
4.386580586433410645e-01
7.192884087562561035e-01
-5.840139389038085938e-01
-2.320470809936523438e-01
-4.879747033119201660e-01
-1.985686570405960083e-01
2.234647125005722046e-01
7.351227998733520508e-01
1.416088938713073730e+00
-1.449071764945983887e+00
1.559209823608398438e-02
3.042485117912292480e-01
7.632698863744735718e-02
-6.139608621597290039e-01
2.936479449272155762e-02
7.448611855506896973e-01
-6.939308643341064453e-01
5.124121904373168945e-02
-5.634510517120361328e-02
-4.197627305984497070e-02
9.282730519771575928e-02
3.990845680236816406e-01
-1.145420193672180176e+00
6.392990350723266602e-01
9.366147518157958984e-01
-1.127288341522216797e-01
-1.009860992431640625e+00
1.222980618476867676e+00
5.972123146057128906e-01
-5.747252702713012695e-01
-2.120596021413803101e-01
6.630484461784362793e-01
-3.596371114253997803e-01
-5.358729362487792969e-01
-5.632194876670837402e-01
-4.132074117660522461e-01
-3.235833048820495605e-01
7.233008742332458496e-01
5.287618637084960938e-01
4.151881933212280273e-01
4.894663393497467041e-02
1.048407554626464844e+00
2.833471596240997314e-01
-1.775148987770080566e+00
4.552859067916870117e-02
-1.631538011133670807e-02
7.193225622177124023e-01
-2.861759364604949951e-01
-1.659503579139709473e-02
-2.413488626480102539e-01
-6.154090166091918945e-01
-7.538961172103881836e-01
-5.129121541976928711e-01
3.025598227977752686e-01
-1.184355616569519043e-01
6.306886672973632812e-02
4.280442744493484497e-02
-4.207255542278289795e-01
8.253716230392456055e-01
7.301412522792816162e-02
6.177705526351928711e-01
6.411417722702026367e-01
8.409100770950317383e-01
5.351529121398925781e-01
6.718548536300659180e-01
-1.592477411031723022e-01
1.679617464542388916e-01
1.443021744489669800e-01
-3.286848068237304688e-01
6.893541812896728516e-01
7.233185172080993652e-01
-2.294644415378570557e-01
-4.454636573791503906e-01
-3.812792301177978516e-01
-5.861404538154602051e-01
-6.677679419517517090e-01
8.269475698471069336e-01
-2.628772258758544922e-01
1.938793063163757324e-01
5.081471204757690430e-01
5.994365811347961426e-01
-7.317209243774414062e-02
-2.288174927234649658e-01
4.312819540500640869e-01
3.084343373775482178e-01
5.314546823501586914e-01
-6.149529814720153809e-01
-3.359025418758392334e-01
1.322434067726135254e+00
1.359996318817138672e+00
4.484726786613464355e-01
-9.326821565628051758e-02
2.926095426082611084e-01
2.980157136917114258e-01
2.230252027511596680e-01
7.332531213760375977e-01
6.865718960762023926e-01
-6.224907636642456055e-01
2.379839420318603516e-01
-4.380100965499877930e-01
-1.347401738166809082e-02
3.021195828914642334e-01
-3.714421391487121582e-01
8.088358640670776367e-01
4.666291475296020508e-01
1.070779919624328613e+00
-3.767558932304382324e-02
-4.837589561939239502e-01
-1.172497391700744629e+00
3.495868444442749023e-01
1.129690647125244141e+00
4.753167033195495605e-01
3.649032413959503174e-01
-2.794791460037231445e-01
-1.036956459283828735e-01
3.329614996910095215e-01
4.837111234664916992e-01
1.097794026136398315e-01
6.930609345436096191e-01
-6.803870201110839844e-01
7.535994052886962891e-02
2.581757307052612305e-02
-1.702402472496032715e+00
4.163444042205810547e-01
-8.826972246170043945e-01
4.165832996368408203e-01
-3.229200839996337891e-03
9.042736291885375977e-01
-2.994617223739624023e-01
-5.175131559371948242e-01
-4.391156136989593506e-01
9.681990742683410645e-01
2.575162053108215332e-01
1.964130997657775879e-01
4.171166718006134033e-01
-4.953346848487854004e-01
8.055259585380554199e-01
-8.913672566413879395e-01
-1.361674070358276367e-01
7.036253809928894043e-01
1.336791515350341797e-01
-4.210355877876281738e-01
5.906730890274047852e-01
-1.843974590301513672e-01
2.380477190017700195e-01
-4.504728317260742188e-02
2.319053262472152710e-01
8.860312700271606445e-01
3.756090998649597168e-01
-1.422791481018066406e-01
2.631626427173614502e-01
-1.626126468181610107e-01
4.437358677387237549e-01
1.004334092140197754e+00
4.694532155990600586e-01
-3.611330986022949219e-01
-2.451065480709075928e-01
-3.682429790496826172e-01
-9.445899724960327148e-01
1.669665873050689697e-01
2.088670432567596436e-01
3.995778858661651611e-01
-1.318311810493469238e+00
-1.849746406078338623e-01
4.111874103546142578e-02
-1.000042557716369629e+00
-6.638612151145935059e-01
-4.893359541893005371e-02
7.410559654235839844e-01
-3.153939843177795410e-01
-1.241232752799987793e-01
5.919634699821472168e-01
7.623159885406494141e-02
1.883701682090759277e-01
-3.891940414905548096e-01
-1.366114616394042969e-01
1.177624464035034180e-01
-1.616635918617248535e-02
4.784719347953796387e-01
-1.032793521881103516e-01
-2.490953654050827026e-01
-1.662293910980224609e+00
1.850253045558929443e-01
1.528799384832382202e-01
5.391387939453125000e-01
8.054431676864624023e-01
-9.522783756256103516e-02
-1.101079583168029785e-01
-1.047269582748413086e+00
2.750052213668823242e-01
-1.801063656806945801e+00
-3.215449452400207520e-01
9.741036593914031982e-02
2.099884152412414551e-01
1.316645145416259766e+00
-1.263879537582397461e+00
1.740659177303314209e-01
-4.131579995155334473e-01
2.953372597694396973e-01
6.342971920967102051e-01
-5.574932694435119629e-02
2.577003240585327148e-01
-9.652771949768066406e-01
1.991430521011352539e-01
-2.919524908065795898e-02
-7.908771634101867676e-01
7.257832884788513184e-01
1.429837942123413086e+00
-7.616891860961914062e-01
4.366412758827209473e-01
2.968490123748779297e-03
-5.482974052429199219e-01
-5.359470844268798828e-01
-2.709624767303466797e-01
-2.033869624137878418e-01
6.007487773895263672e-01
1.980338692665100098e-01
6.990420818328857422e-02
9.388135075569152832e-01
-2.073934674263000488e-01
8.959480524063110352e-01
-7.272378206253051758e-01
-1.797662675380706787e-02
5.052886009216308594e-01
2.564449608325958252e-02
-4.732136130332946777e-01
-5.643649101257324219e-01
1.538968086242675781e-01
-1.139517426490783691e+00
-1.780228018760681152e-01
9.744790792465209961e-01
-1.181739091873168945e+00
9.267027378082275391e-01
1.043939352035522461e+00
-7.998468875885009766e-01
8.988061547279357910e-02
8.751999139785766602e-01
-2.643219530582427979e-01
2.913368940353393555e-01
-5.897865295410156250e-01
4.193615913391113281e-02
8.972805738449096680e-01
-1.432238817214965820e-01
-7.676769495010375977e-01
-4.606021642684936523e-01
-7.027263641357421875e-01
-8.834010362625122070e-01
9.673702716827392578e-01
-4.830305874347686768e-01
-3.322895765304565430e-01
-2.640292048454284668e-01
1.963108777999877930e-01
-1.568059325218200684e-01
-8.737766742706298828e-01
-2.211828976869583130e-01
-7.330673933029174805e-01
-7.226779460906982422e-01
1.202161908149719238e-01
-4.997059404850006104e-01
9.044338762760162354e-02
-4.276222288608551025e-01
-5.667344331741333008e-01
-9.881436079740524292e-02
-5.977318286895751953e-01
8.895576000213623047e-01
-1.162395626306533813e-02
1.260451197624206543e+00
1.952830404043197632e-01
-4.929478168487548828e-01
-1.310310721397399902e+00
1.042223721742630005e-01
2.599980831146240234e-01
4.066277742385864258e-01
1.184044033288955688e-01
5.749008059501647949e-01
-5.658554434776306152e-01
3.383789062500000000e-01
-6.360393762588500977e-01
-1.403444409370422363e-01
-4.624198377132415771e-01
7.678040266036987305e-01
3.188126683235168457e-01
-2.098162174224853516e-01
-1.120869398117065430e+00
-1.695220768451690674e-01
6.393899917602539062e-01
8.544846773147583008e-01
-3.203296661376953125e-02
3.559389710426330566e-01
-2.497034668922424316e-01
-5.695971846580505371e-01
-7.922279834747314453e-02
4.575805366039276123e-01
-1.234184056520462036e-01
-6.777790784835815430e-01
-2.376911044120788574e-01
8.666256666183471680e-01
3.007810115814208984e-01
4.244355559349060059e-01
-5.105663537979125977e-01
3.003054857254028320e-01
1.561999320983886719e-01
3.217789530754089355e-01
3.984228670597076416e-01
3.592319786548614502e-01
-7.912887334823608398e-01
-2.946728467941284180e-01
2.861411273479461670e-01
-1.177619695663452148e+00
-8.341962099075317383e-01
8.590240478515625000e-01
1.288745880126953125e+00
7.916331291198730469e-02
-2.808403670787811279e-01
-1.052199602127075195e+00
2.874258756637573242e-01
-5.499826669692993164e-01
-3.940975666046142578e-01
-9.891365766525268555e-01
5.972249507904052734e-01
-1.176492199301719666e-01
1.019638776779174805e+00
5.718547105789184570e-01
-5.225200653076171875e-01
-3.103720843791961670e-01
3.421030044555664062e-01
-1.762047857046127319e-01
-3.811445534229278564e-01
-4.259728789329528809e-01
6.373769044876098633e-01
-3.969295620918273926e-01
1.317891478538513184e-01
3.292788565158843994e-01
6.775911897420883179e-03
6.318808197975158691e-01
-4.166175425052642822e-01
8.947962522506713867e-02
-5.464282631874084473e-02
-1.061344146728515625e+00
-3.981248140335083008e-01
-4.866220951080322266e-01
9.127708673477172852e-01
1.162433624267578125e-01
-3.304136097431182861e-01
-3.896733522415161133e-01
9.433315396308898926e-01
-1.776809543371200562e-01
-7.853278517723083496e-02
1.061342120170593262e+00
5.795522928237915039e-01
-4.404631555080413818e-01
3.340670764446258545e-01
1.774180233478546143e-01
2.151919007301330566e-01
1.297903060913085938e-02
-2.304580211639404297e-01
-6.417826414108276367e-01
-1.664000630378723145e+00
-9.631931781768798828e-02
-2.294632196426391602e-01
1.000947833061218262e+00
-1.625526249408721924e-01
6.073795557022094727e-01
6.114152073860168457e-01
-6.367912292480468750e-01
4.762521684169769287e-01
-5.835429430007934570e-01
3.022414445877075195e-01
1.995249092578887939e-01
2.901448011398315430e-01
-2.224311530590057373e-01
9.961829185485839844e-01
8.464102745056152344e-01
1.204561114311218262e+00
-4.671713113784790039e-01
-9.284973144531250000e-01
-2.507848739624023438e-01
2.964259386062622070e-01
-1.499972343444824219e-01
-8.966559171676635742e-02
-3.585064709186553955e-01
-3.963419198989868164e-01
-2.994481921195983887e-01
-5.244321823120117188e-01
1.184830367565155029e-01
-2.398393154144287109e-01
-2.844173908233642578e-01
5.799560546875000000e-01
2.918053269386291504e-01
-5.345605611801147461e-01
-3.614250421524047852e-01
4.539525508880615234e-02
-6.036790609359741211e-01
-3.101314604282379150e-01
3.827280402183532715e-01
1.193778157234191895e+00
1.041650772094726562e-02
-4.792642891407012939e-01
1.132006406784057617e+00
1.040293574333190918e+00
-6.926520466804504395e-01
7.659366130828857422e-01
-1.105109930038452148e+00
1.872879415750503540e-01
-7.907936573028564453e-01
3.552067875862121582e-01
-1.157325208187103271e-01
8.631172776222229004e-02
-3.209636807441711426e-01
-1.430849879980087280e-01
-2.064208388328552246e-01
-3.024824261665344238e-01
-6.208673715591430664e-01
-5.216525793075561523e-01
-1.219659090042114258e+00
7.100205421447753906e-01
6.873533129692077637e-01
-3.680230975151062012e-01
-3.324944972991943359e-01
3.746154606342315674e-01
3.871206939220428467e-02
5.511494874954223633e-01
-8.539720624685287476e-02
-4.539194107055664062e-01
5.672610402107238770e-01
-1.854746937751770020e-01
-4.993525743484497070e-01
3.671008944511413574e-01
3.694271445274353027e-01
-3.705241680145263672e-01
-6.697127819061279297e-01
5.164251923561096191e-01
2.924053668975830078e-01
4.575186371803283691e-01
3.072723150253295898e-01
-9.243053197860717773e-02
4.573228359222412109e-01
-3.852502107620239258e-01
3.551853895187377930e-01
7.649759054183959961e-01
-3.352135419845581055e-02
1.643066525459289551e+00
-2.554076910018920898e-02
4.723923206329345703e-01
-8.634892702102661133e-01
-3.140316903591156006e-01
-4.057082235813140869e-01
2.128935307264328003e-01
1.200259685516357422e+00
1.337347269058227539e+00
-1.251245588064193726e-01
3.842955529689788818e-01
1.995534002780914307e-01
-5.791943669319152832e-01
